383329928
3324115917
2811363265
1884968545
1859786276
3687649986
369133709
2995172878
865305067
404488629
2261209996
4190266093
3160032369
3269070127
3081541440
3376120483
2204291347
550243862
3606691182
1934392873
2148995113
1592565387
784044719
3980425318
3356806662
2765379633
1728356534
3533734221
2342600227
1904449482
1934709050
975982878
395720738
2381923523
3813457839
274093027
3686333038
3554648816
1188673836
2712977936
709653493
3255962051
3008723231
1522677438
291714185
4169116269
1914213180
3835926007
2911639984
3343131663
3263743248
835966884
1562964503
2004551447
2137998393
188135741
2347498144
662668322
3192775211
2933672915
3962226900
3198729102
1574718219
4155422659
1764588834
1399409257
3889246498
1591112321
327891487
2016726853
3417419472
813773290
1988314614
558008616
2948401465
2043137100
1418182453
974568233
2424508583
2876829201
4038583930
1877553194
690150401
3576325620
2704817079
3007615711
417585215
1341604509
3297864501
3574528628
1869241354
3456436596
3615039050
1664206965
3857256982
1238359776
1028892849
2931295869
2734871217
600232346
