# seeds generated deterministically with seed 42
# total = 285
3687684492
5153857823
4859271998
7454462321
2739469855
7717118032
1711670550
6577497868
9415648059
5660810809
4304666377
2920873667
7597189837
1765561387
3680559550
8087671930
1021210175
7279456543
5807102065
8328135210
7532269695
2955296927
9613676481
3270780152
5369917460
2366621423
5149354485
1392042650
6237463232
3225141387
1520449148
3808209702
2959960630
6767970152
4688099410
8182898640
9114829739
8742366259
4578130092
2529313160
5443812009
6362729071
5479931698
3296607069
9527871713
2418363652
6863406659
1741933205
1108394808
9949290774
1987371461
1977649479
2884706621
8477452989
4637083627
8692890975
6343821058
2019069319
8595782012
9294843995
5371895304
4278902403
2781951777
7828916963
5120079052
5044643720
3917028628
3370028632
7853291797
8944700631
5945790488
2655064969
5969834238
7268227873
8575070565
1203645587
1380775431
4488643835
8743566315
9089593199
1100501460
3955095581
7736990874
8575462491
4807348199
7123800871
4315879313
3018443618
7683907721
8649994334
8032423983
4173572590
8087843148
7036848825
4347276855
4796077062
5971791952
2722529609
8357589338
7990869562
7677900301
5975186325
2789953639
6531035281
7863030335
4830020849
2937445085
2612539823
7612636200
5803923539
5417447258
7569949873
6629775444
1545709577
3683821369
2022087378
8054543380
2412705872
6312127962
5702789079
2096372178
9130814301
8729189273
9513864032
5185559231
9937805707
5468509513
7471463455
3622427332
8141899013
8732976862
8622589527
7903745170
3303674181
9979791272
1844604683
1640376675
9269620432
7600369981
3050662772
6658802468
3621225569
2477851120
7007858124
1372028425
5945839651
5738057650
1801747140
9937167484
9621971159
5531599645
4443630902
3282579247
8901672784
8875423000
8793630449
6410382320
1548971267
7719397125
1726070834
4918412048
3423529688
5148756092
5522511915
6232721615
5012603839
6574960821
8218230439
2153582736
5190996257
4462664850
3144308058
3814102191
6248632397
7450992145
6358898703
9954042362
3544866244
2697401375
2527816511
1539036160
4088420049
3153526167
5739989862
6098742741
3816616547
7785982093
7852472974
1625581693
6726113403
8061581771
2760862415
2738415821
2348743141
4683025807
8582420521
4902895438
3039617284
3022756655
4830134262
5687474462
2029496045
7307157758
1168143929
4852126122
8256505714
6239435570
2044124734
3365144793
5922223614
8980708752
7277478634
5735629320
9626219168
5403905802
8354172985
1850322288
9324781104
4109773162
4004961605
4786110858
3651830072
8451760562
5313801241
9999873448
8449123781
7055072661
9811775249
7265419185
8809360918
9938050839
4788160438
8553534805
9916023250
2018944799
5031227480
2690721184
2814739881
2860293584
4482751199
1704329473
1794724242
9945248661
1473662348
3458722134
4112129127
3257345063
6224188292
3779623958
3437031988
